-------------------------------------------
SUMMARY
Overall run indicators:
Input1:
RMS: 0.8306799301082
Input2:
RMS:0.22922689418217326

Segmented run indicators: (10s) 
Input1:
RMS:
0.8435133750388597
0.8463379574511535
0.8413093183773453
0.8383471333493211
0.837119971821302
0.829949033720972
0.8271405079591941
0.8293935997231164
0.8282687716324177
0.829815703131098
0.8304532605499224
0.8303641933230217
0.8321437906594258
0.8345242016144889
0.8348927784941889
0.8345704242673793
0.83417329431462
0.832338790385971
0.8282006836432388
0.8298961837407393
0.8344258572220058
0.8270559932079998
0.8245422678826272
0.8253816439907629
0.8237358238966385
0.8215610522821211
0.8190537211215491
0.8235667421781943
0.8235311853285824
0.8240948952739572
0.8291210233198065
Input2:
RMS:
0.2298698399351523
0.22985872792905174
0.2256787530606607
0.22451980923449102
0.22308826896717227
0.22280274096454375
0.22086966418246945
0.22013709181636687
0.21913642598012187
0.2202942555229262
0.22175790686294877
0.22453681201748374
0.22414008541741096
0.2261166423821001
0.2236258548089323
0.2247512912272053
0.22802848091976471
0.2290476478310209
0.22944764283006605
0.23142913336937473
0.23065377064373602
0.23313146449619906
0.23663246112345573
0.2388553335962248
0.23960559994699016
0.23487101059707327
0.2371254323943642
0.24078777319567288
0.24084045758658884
0.24177011959374697
0.24152238020888359
