-------------------------------------------
SUMMARY
Overall run indicators:
Input1:
RMS: 0.6914831642444319
Input2:
RMS:0.004114998236156715

Segmented run indicators: (10s) 
Input1:
RMS:
0.7000885165465783
0.6801626369417522
0.6817460458457415
0.6686554132352209
0.657980362490271
0.6573995029552534
0.6471476124461945
0.6517913293007992
0.6479914806066133
0.6452542282836528
0.6482118684454174
0.6541465460207629
0.6349875071516042
0.6118323908038722
0.6575407356268153
0.640836057208265
0.6307783791194949
0.6193668937244797
0.6108833412825364
0.6122070907564298
0.8924620747296119
0.8819479040833045
0.9041031446727311
0.9048004216226705
0.905135485842276
0.7309851929727802
0.7809214714411068
0.5597645122994283
0.4945926309379602
0.4597379974306299
0.46991260410666236
Input2:
RMS:
0.0022148213560706587
0.002500537185073707
0.0033591739794850226
0.0035401953763739705
0.003216281711871177
0.003201057400638148
0.002570507373480133
0.003951003866329532
0.0032708819124057493
0.00415336326160951
0.0037226642876852624
0.0036862686135658474
0.0038285131737235117
0.003793684153669833
0.0042362349093008215
0.004623365646851312
0.00508917506653969
0.004558019488209557
0.004115449386447784
0.0044135263554344155
0.004535134267368231
0.005448703266518437
0.005349741410254207
0.0061960760176657855
0.005250630426999097
0.005498979308578896
0.004852133132189738
0.004181131230342583
0.0021240590341951742
0.0017689116847695852
0.0012132067276225376
