-------------------------------------------
SUMMARY
Overall run indicators:
Input1:
RMS: 0.8707214492387527
Input2:
RMS:0.6035162016551647

Segmented run indicators: (10s) 
Input1:
RMS:
0.4183684797153425
0.6359195346754171
0.68549536740557
0.7780053170369404
0.8856248348843702
0.9038653387842173
0.898248882242464
0.9041280507977473
0.9083694524003773
0.903481569072109
0.9071320554709645
0.9100382303007901
0.9229504795686365
0.9295074831500749
0.9310353599771776
0.9351287054196878
0.9371258835476302
0.9420581753290811
0.9440447028050344
0.9503944941014177
Input2:
RMS:
0.2597942463968322
0.45404393211623534
0.506319376136452
0.5843780127477893
0.7427431403922873
0.7487305520631165
0.7283511563470743
0.7048261612375886
0.6776388427540907
0.6496310516089561
0.6331968478727802
0.6117363196035909
0.6037632054316908
0.5975880336851703
0.5855195475369561
0.5725852815525247
0.5571101846335637
0.5532252246390774
0.5460720422266891
0.5459043766165941
