-------------------------------------------
SUMMARY
Overall run indicators:
Input1:
RMS: 0.7577778669019553
Input2:
RMS:0.15669532835891645

Segmented run indicators: (10s) 
Input1:
RMS:
0.00031201880401629013
0.2228569748894466
0.599665053332554
0.6964220174968657
0.7423755075756459
0.7447111937638673
0.751493095008885
0.7581905016794026
0.7643293592442912
0.7680280522572827
0.7732157443989098
0.7783611707952344
0.7823650419218562
0.7846158959707266
0.7939083516477483
0.7983673379292359
0.8045269957380483
0.8104822275343677
0.8081387071933388
0.8155924545635569
0.8128016301022265
0.8099184966108113
0.8076506696561061
0.8127654368092667
0.8064147637084847
0.8102194077801418
0.8128790010789022
0.8142943871567383
0.8160601049555466
0.8143995004030283
0.8170320967439626
Input2:
RMS:
0.0005512648428241624
0.03910874801196269
0.08119803637416856
0.1377514580155137
0.16523087739306982
0.1659138807787321
0.16548999767383735
0.16620838023791348
0.1655634261618726
0.1651925598885957
0.16562841127985445
0.16541131430556885
0.166171009956236
0.16492123502713416
0.16510006563043103
0.16545058839822901
0.16534410883196998
0.16595768895873295
0.1651985486307728
0.16604767422707986
0.16634294924744497
0.16549053869070016
0.16537667250232405
0.16545199060891136
0.16486252379057634
0.16545091177924076
0.16492021988294925
0.163656567949829
0.16231659364585113
0.16207579963504165
0.1631174711811965
