-------------------------------------------
SUMMARY
Overall run indicators:
Input1:
RMS: 0.7071317267199889
Input2:
RMS:0.5644862802221389

Segmented run indicators: (10s) 
Input1:
RMS:
0.6597215927842347
0.6684454384274593
0.6756811168031068
0.682940381677887
0.6861360063646289
0.6889597100278798
0.6940030042233448
0.6991896566269045
0.7018714061387951
0.7069358688245954
0.7114291179388904
0.7113153334473148
0.7119637321405241
0.7142062284462337
0.7174817972769251
0.7168251726916564
0.7149490661370004
0.7153643491967595
0.7183939887571258
0.7216374603367168
0.7220504337313902
0.7235358317548982
0.723024873751306
0.7245992428132865
0.7246451889058713
0.725148967117349
0.7253285436783206
0.7151719293162244
Input2:
RMS:
0.5014703633484814
0.5293790373359503
0.5307880926094335
0.5395109400154884
0.5430966560276831
0.5428179098484696
0.5431855573027251
0.5457239312974591
0.5490126916385231
0.5512134069252453
0.5546809912095935
0.5614342834860591
0.565825318241767
0.5629056453958626
0.5690393077281463
0.5735788969566827
0.5760301057570172
0.5774907568897426
0.5785231010966391
0.5798709620817719
0.5808587344463991
0.586582204916453
0.5927777845001002
0.5969781376430096
0.5985651796014192
0.5976585767260101
0.5967663188647815
0.5953433898017555
