-------------------------------------------
SUMMARY
Overall run indicators:
Input1:
RMS: 0.8766045720154143
Input2:
RMS:0.7487876380857283

Segmented run indicators: (10s) 
Input1:
RMS:
0.869554847708753
0.8708490437251902
0.8717419559903408
0.8646182637508768
0.8629532715143394
0.8445034968553731
0.8437033727130757
0.8458576282551633
0.8505825024555596
0.8426275280939285
0.8451320366185548
0.8513514733336616
0.8577799644361314
0.8521343983013856
0.8571852623586583
0.8385370923270442
0.8618120199650305
0.873998454052531
0.8876817876937009
0.8980626690518542
0.9066204592346836
0.9170676035026414
0.9663772377016804
1.048437687944969
Input2:
RMS:
0.5313529783355266
0.5308910999320647
0.5231751134574768
0.5181940837672009
0.4974136652272067
0.6327117654394084
3.296670518791577
0.07491586203762048
0.0008375334140445798
0.8769309925240618
0.03049993273689432
0.006941586740958775
0.005820431788406699
0.005931506075004177
0.0048546980508170886
0.004246362854773779
0.0048282947717409016
0.005612653768601801
0.006598378486450263
0.005495185800353102
0.006225496597228994
0.00673092681628009
0.008527907698617497
0.00879834602588164
